15 15 80 2 50
000 000 005 000 000 *** 000 000 000 *** 000 000 000 000 000
000 000 000 000 000 000 000 000 000 000 000 000 000 000 ***
000 *** 000 000 000 000 000 000 000 000 *** 000 000 000 000
000 000 000 000 *** 000 000 000 000 000 000 000 000 000 000
*** 000 000 000 000 000 000 *** 000 000 000 000 000 000 ***
000 000 000 000 000 000 000 000 000 000 000 000 *** 000 000
000 000 000 000 000 *** 000 000 000 000 000 000 000 000 000
000 000 000 000 000 000 000 000 000 000 000 *** 000 000 000
000 000 *** 000 000 000 000 000 000 000 000 000 000 000 ***
000 000 000 000 000 000 000 000 000 000 000 000 *** 000 000
000 *** 000 000 000 000 000 000 000 000 000 000 000 000 000
000 000 000 000 000 *** 000 000 000 000 000 000 000 000 000
000 000 000 000 000 000 AAA 000 000 000 000 000 *** 000 000
*** 000 000 *** 000 000 000 000 000 000 *** 000 000 000 ***
000 000 000 000 000 000 000 000 000 000 000 000 000 000 000
///
000 000 000 000 000 000 000 000 000 000 *** 000 000 000 000
000 000 000 *** 000 000 000 000 000 000 000 000 000 000 000
000 000 000 000 000 000 000 000 000 000 000 *** 000 000 000
000 000 000 000 000 000 000 000 000 000 000 000 000 *** 000
000 *** 000 000 000 000 000 000 *** 000 000 000 000 000 000
000 000 000 000 000 000 000 000 000 000 000 000 000 000 ***
000 000 000 000 *** 000 000 000 000 000 000 000 000 000 000
*** 000 000 000 000 000 000 000 000 000 000 *** 000 000 000
000 000 000 000 000 000 000 *** 000 000 000 000 000 000 000
000 000 000 000 000 000 000 000 000 000 000 000 *** 000 000
000 000 *** 000 000 000 000 000 000 *** 000 000 000 000 000
000 000 000 000 000 000 000 000 000 000 000 000 000 000 000
000 000 000 000 000 000 AAA 000 000 000 000 000 000 000 ***
000 000 000 000 000 000 000 *** 000 000 000 000 000 000 000
000 000 *** 000 000 000 000 000 000 000 000 000 000 000 000
